# Archipelago-2026 boat annotations (consolidated)
# format: <folder>/<file>.jpg <cls> <xc> <yc> <w> <h>   (YOLO-normalized 0..1)
# cls: 0=registered(green)  1=unregistered(orange).  'empty' = hard-negative (no object)
101447/101447_0001.jpg 0 0.596296 0.875000 0.053704 0.180556
101447/101447_0002.jpg 0 0.515278 0.930556 0.080556 0.088889
101447/101447_0003.jpg 0 0.458333 0.926389 0.124074 0.097222
101447/101447_0004.jpg 0 0.456019 0.929167 0.091667 0.091667
101447/101447_0005.jpg 0 0.457407 0.925000 0.085185 0.094444
101447/101447_0006.jpg 0 0.425000 0.930556 0.085185 0.088889
101447/101447_0007.jpg 0 0.420370 0.925000 0.085185 0.094444
101447/101447_0008.jpg 0 0.425926 0.857639 0.083333 0.123611
101447/101447_0009.jpg 0 0.422222 0.859722 0.081481 0.169444
101447/101447_0010.jpg 0 0.423148 0.826389 0.079630 0.172222
101447/101447_0011.jpg 0 0.421759 0.805556 0.078704 0.172222
101447/101447_0012.jpg 0 0.422685 0.760417 0.080556 0.123611
101447/101447_0013.jpg 0 0.437037 0.743056 0.062963 0.130556
101447/101447_0014.jpg 0 0.428241 0.718056 0.063889 0.158333
101447/101447_0015.jpg 0 0.424537 0.688889 0.060185 0.183333
101447/101447_0016.jpg 0 0.415741 0.650000 0.055556 0.188889
101447/101447_0017.jpg 0 0.415741 0.619444 0.055556 0.183333
101447/101447_0018.jpg 0 0.387500 0.563194 0.062037 0.145833
101447/101447_0019.jpg 0 0.375000 0.496528 0.068519 0.151389
101447/101447_0019.jpg 1 0.083333 0.914583 0.074074 0.101389
101447/101447_0020.jpg 0 0.391204 0.463889 0.091667 0.122222
101447/101447_0020.jpg 1 0.081944 0.861806 0.080556 0.131944
101447/101447_0021.jpg 0 0.373611 0.406250 0.071296 0.118056
101447/101447_0021.jpg 1 0.081944 0.836806 0.080556 0.159722
101447/101447_0022.jpg 0 0.379630 0.357639 0.068519 0.123611
101447/101447_0022.jpg 1 0.080093 0.760417 0.076852 0.159722
101447/101447_0023.jpg 0 0.383333 0.327778 0.066667 0.127778
101447/101447_0023.jpg 1 0.075000 0.732639 0.075926 0.145833
101447/101447_0024.jpg 0 0.390278 0.245139 0.071296 0.115278
101447/101447_0024.jpg 1 0.070833 0.625000 0.076852 0.172222
101447/101447_0025.jpg 0 0.406019 0.225000 0.062037 0.150000
101447/101447_0025.jpg 1 0.074074 0.643750 0.077778 0.162500
101447/101447_0026.jpg 0 0.414815 0.166667 0.064815 0.130556
101447/101447_0026.jpg 1 0.087963 0.571528 0.079630 0.156944
101447/101447_0027.jpg 0 0.415741 0.126389 0.066667 0.141667
101447/101447_0027.jpg 1 0.074074 0.511111 0.077778 0.166667
101447/101447_0028.jpg 0 0.425926 0.073611 0.059259 0.125000
101447/101447_0028.jpg 1 0.069444 0.508333 0.077778 0.183333
101447/101447_0029.jpg 0 0.425926 0.050000 0.059259 0.100000
101447/101447_0029.jpg 1 0.072222 0.435417 0.074074 0.162500
101447/101447_0030.jpg 0 0.420370 0.033333 0.066667 0.066667
101447/101447_0030.jpg 1 0.074074 0.397917 0.077778 0.170833
101447/101447_0031.jpg 1 0.069444 0.362500 0.077778 0.169444
101447/101447_0032.jpg 1 0.069907 0.352083 0.078704 0.190278
101447/101447_0033.jpg 1 0.069907 0.338194 0.078704 0.190278
101447/101447_0034.jpg 1 0.099074 0.277778 0.101852 0.200000
101447/101447_0035.jpg 1 0.097222 0.250000 0.098148 0.227778
101447/101447_0036.jpg 1 0.094444 0.191667 0.092593 0.222222
101447/101447_0037.jpg 1 0.087963 0.175694 0.079630 0.218056
101447/101447_0038.jpg 1 0.062963 0.101389 0.074074 0.186111
101447/101447_0039.jpg 1 0.064815 0.086111 0.077778 0.161111
101447/101447_0040.jpg 1 0.076852 0.068056 0.083333 0.136111
101447/101447_0041.jpg 1 0.074074 0.041667 0.092593 0.083333
101447/101447_0042.jpg empty
101447/101447_0043.jpg empty
101447/101447_0044.jpg empty
101447/101447_0045.jpg empty
101447/101447_0046.jpg empty
101447/101447_0047.jpg empty
101447/101447_0048.jpg empty
101447/101447_0049.jpg empty
101447/101447_0050.jpg empty
101741/101741_0078.jpg empty
101741/101741_0079.jpg empty
101741/101741_0080.jpg empty
101741/101741_0081.jpg empty
101741/101741_0082.jpg empty
101741/101741_0083.jpg empty
101741/101741_0084.jpg empty
101741/101741_0085.jpg empty
101741/101741_0086.jpg empty
101741/101741_0087.jpg empty
101741/101741_0088.jpg empty
101741/101741_0089.jpg empty
101741/101741_0090.jpg empty
101741/101741_0091.jpg empty
101741/101741_0092.jpg empty
101741/101741_0093.jpg empty
101741/101741_0094.jpg empty
101741/101741_0095.jpg empty
101741/101741_0096.jpg empty
101741/101741_0097.jpg empty
101741/101741_0098.jpg empty
101741/101741_0099.jpg empty
101741/101741_0100.jpg empty
101741/101741_0101.jpg empty
101741/101741_0102.jpg empty
101741/101741_0103.jpg 1 0.757870 0.018750 0.049074 0.037500
101741/101741_0104.jpg 1 0.756944 0.040278 0.052778 0.077778
101741/101741_0105.jpg 1 0.773148 0.058333 0.092593 0.116667
101741/101741_0106.jpg 1 0.781481 0.070833 0.103704 0.141667
101741/101741_0107.jpg 1 0.784259 0.086806 0.105556 0.173611
101741/101741_0108.jpg 1 0.784259 0.124306 0.105556 0.193056
101741/101741_0109.jpg 1 0.778704 0.197917 0.103704 0.190278
101741/101741_0110.jpg 1 0.774074 0.273611 0.103704 0.188889
101741/101741_0111.jpg 1 0.776389 0.317361 0.102778 0.190278
101741/101741_0112.jpg 1 0.785185 0.393056 0.098148 0.194444
101741/101741_0112.jpg 0 0.507407 0.077083 0.074074 0.118056
101741/101741_0113.jpg 1 0.804167 0.496528 0.100926 0.198611
101741/101741_0113.jpg 0 0.528241 0.111111 0.069444 0.144444
101741/101741_0114.jpg 1 0.840278 0.606250 0.113889 0.195833
101741/101741_0114.jpg 0 0.592593 0.159722 0.074074 0.166667
101741/101741_0115.jpg 1 0.900000 0.641667 0.124074 0.197222
101741/101741_0115.jpg 0 0.655556 0.153472 0.074074 0.159722
101741/101741_0116.jpg 1 0.963889 0.768750 0.072222 0.106944
101741/101741_0116.jpg 0 0.768519 0.150000 0.077778 0.166667
101741/101741_0117.jpg 0 0.866667 0.201389 0.066667 0.152778
101741/101741_0118.jpg empty
101741/101741_0119.jpg empty
101741/101741_0120.jpg empty
101741/101741_0121.jpg empty
101741/101741_0122.jpg empty
101741/101741_0123.jpg empty
101741/101741_0124.jpg empty
101741/101741_0125.jpg empty
101741/101741_0126.jpg empty
1/1_0001.jpg empty
1/1_0002.jpg empty
1/1_0003.jpg empty
1/1_0004.jpg empty
1/1_0005.jpg empty
1/1_0006.jpg 0 0.024740 0.379630 0.049479 0.157407
1/1_0007.jpg 0 0.030208 0.427778 0.060417 0.164815
1/1_0008.jpg 0 0.035677 0.475000 0.071354 0.172222
1/1_0009.jpg 0 0.041146 0.523148 0.082292 0.179630
1/1_0010.jpg 0 0.055469 0.555556 0.110937 0.188889
1/1_0011.jpg 0 0.069531 0.587963 0.139063 0.198148
1/1_0012.jpg 0 0.083854 0.620370 0.167708 0.207407
1/1_0013.jpg 0 0.088281 0.670833 0.176563 0.247222
1/1_0014.jpg 0 0.092448 0.721759 0.184896 0.286111
1/1_0015.jpg 0 0.096875 0.772222 0.193750 0.325926
1/1_0016.jpg 0 0.090885 0.776852 0.181771 0.316667
1/1_0017.jpg 0 0.084635 0.781481 0.169271 0.307407
1/1_0018.jpg 0 0.078646 0.786111 0.157292 0.298148
1/1_0019.jpg 1 0.169010 0.026852 0.046354 0.053704
1/1_0020.jpg 1 0.170313 0.054167 0.106250 0.108333
1/1_0021.jpg 1 0.187760 0.077778 0.103646 0.155556
1/1_0022.jpg 1 0.173437 0.125463 0.175000 0.250926
1/1_0023.jpg 1 0.194271 0.170370 0.171875 0.270370
1/1_0024.jpg 1 0.225781 0.217130 0.168229 0.258333
1/1_0025.jpg 1 0.249479 0.275000 0.163542 0.253704
1/1_0026.jpg 1 0.274219 0.322685 0.158854 0.247222
1/1_0027.jpg 1 0.300521 0.388426 0.153125 0.239815
1/1_0028.jpg 1 0.315365 0.433333 0.150521 0.233333
1/1_0029.jpg 1 0.328646 0.477315 0.146875 0.223148
1/1_0030.jpg 1 0.342969 0.518056 0.144271 0.215741
1/1_0031.jpg 1 0.364063 0.550000 0.141667 0.212963
1/1_0032.jpg 1 0.376823 0.562500 0.139063 0.208333
1/1_0033.jpg 1 0.390885 0.587037 0.138021 0.203704
1/1_0034.jpg 1 0.407031 0.615278 0.140104 0.193519
1/1_0035.jpg 1 0.415625 0.635648 0.143750 0.180556
1/1_0036.jpg 1 0.426042 0.650000 0.147917 0.164815
1/1_0037.jpg 1 0.434635 0.668981 0.153646 0.137963
1/1_0038.jpg 1 0.452865 0.672685 0.155729 0.102778
1/1_0039.jpg 1 0.464062 0.669444 0.155208 0.129630
1/1_0040.jpg 1 0.479687 0.676852 0.137500 0.200000
1/1_0041.jpg 1 0.491927 0.683333 0.115104 0.240741
1/1_0042.jpg 1 0.504687 0.687963 0.088542 0.266667
1/1_0043.jpg 1 0.512240 0.691667 0.077604 0.272222
1/1_0044.jpg 1 0.517708 0.698148 0.070833 0.272222
1/1_0045.jpg 1 0.523698 0.708796 0.069271 0.273148
1/1_0046.jpg 1 0.529427 0.731944 0.067187 0.276852
1/1_0047.jpg 1 0.540104 0.755556 0.061458 0.279630
1/1_0048.jpg 1 0.549740 0.780556 0.055729 0.281481
1/1_0049.jpg 1 0.555469 0.811111 0.056771 0.283333
1/1_0050.jpg 1 0.568229 0.838889 0.073958 0.283333
1/1_0051.jpg 1 0.578125 0.855556 0.082292 0.279630
1/1_0052.jpg 1 0.616927 0.883333 0.101562 0.233333
1/1_0053.jpg 1 0.636719 0.892593 0.085938 0.201852
1/1_0054.jpg 1 0.662240 0.907870 0.076563 0.184259
1/1_0055.jpg 1 0.695052 0.905093 0.056771 0.112037
1/1_0056.jpg 1 0.728646 0.939815 0.060417 0.120370
1/1_0057.jpg 1 0.759896 0.958333 0.066667 0.083333
1/1_0058.jpg empty
1/1_0059.jpg empty
1/1_0060.jpg empty
1/1_0061.jpg empty
1/1_0062.jpg empty
1/1_0063.jpg empty
1/1_0064.jpg empty
1/1_0065.jpg empty
1/1_0066.jpg empty
1/1_0067.jpg empty
1/1_0068.jpg 1 0.560417 0.987037 0.033333 0.025926
1/1_0069.jpg 1 0.546615 0.965278 0.069271 0.069444
1/1_0070.jpg 1 0.542969 0.947222 0.121354 0.105556
1/1_0071.jpg 1 0.535156 0.925926 0.158854 0.148148
1/1_0072.jpg 1 0.508594 0.906944 0.161979 0.186111
1/1_0073.jpg 1 0.483073 0.851389 0.158854 0.210185
1/1_0074.jpg 1 0.461198 0.784259 0.149479 0.235185
1/1_0075.jpg 1 0.433073 0.701389 0.134896 0.258333
1/1_0076.jpg 1 0.402083 0.609722 0.123958 0.271296
1/1_0077.jpg 1 0.375521 0.516667 0.122917 0.274074
1/1_0078.jpg 1 0.342969 0.423611 0.129688 0.267593
1/1_0079.jpg 1 0.313802 0.320833 0.142187 0.249074
1/1_0080.jpg 1 0.291146 0.223148 0.158333 0.225926
1/1_0081.jpg 1 0.267708 0.125463 0.177083 0.175000
1/1_0082.jpg 1 0.236458 0.060648 0.189583 0.121296
1/1_0083.jpg 1 0.208854 0.028241 0.193750 0.056481
1/1_0084.jpg 1 0.101302 0.014815 0.053646 0.029630
1/1_0085.jpg 0 0.091667 0.842593 0.183333 0.151852
1/1_0086.jpg 0 0.083854 0.740741 0.167708 0.188889
1/1_0087.jpg 0 0.076042 0.625000 0.152083 0.179630
1/1_0088.jpg 0 0.026562 0.444444 0.053125 0.151852
1/1_0089.jpg empty
1/1_0090.jpg empty
3/3_0001.jpg 1 0.843981 0.092361 0.065741 0.184722
3/3_0002.jpg 1 0.854167 0.169444 0.075000 0.216667
3/3_0003.jpg 1 0.861574 0.259028 0.076852 0.220833
3/3_0004.jpg 1 0.872222 0.405556 0.079630 0.225000
3/3_0005.jpg 1 0.883333 0.542361 0.081481 0.231944
3/3_0006.jpg 1 0.895370 0.672222 0.081481 0.238889
3/3_0006.jpg 0 0.579167 0.253472 0.097222 0.137500
3/3_0007.jpg 1 0.901852 0.737500 0.079630 0.244444
3/3_0007.jpg 0 0.573148 0.288194 0.112963 0.137500
3/3_0008.jpg 1 0.891204 0.731944 0.075000 0.244444
3/3_0008.jpg 0 0.567130 0.322917 0.128704 0.137500
3/3_0009.jpg 1 0.879167 0.669444 0.076852 0.241667
3/3_0009.jpg 0 0.562500 0.312500 0.119444 0.144444
3/3_0010.jpg 1 0.882407 0.733333 0.090741 0.238889
3/3_0010.jpg 0 0.557870 0.302083 0.110185 0.151389
3/3_0011.jpg 1 0.890278 0.851389 0.106481 0.236111
3/3_0011.jpg 0 0.548611 0.434028 0.110185 0.151389
3/3_0012.jpg 0 0.539352 0.565972 0.110185 0.151389
3/3_0013.jpg 0 0.538426 0.564583 0.108333 0.140278
3/3_0014.jpg 0 0.537500 0.562500 0.106481 0.130556
3/3_0015.jpg 0 0.542130 0.635417 0.097222 0.159722
3/3_0016.jpg 0 0.546759 0.709028 0.087963 0.187500
3/3_0017.jpg 0 0.575463 0.733333 0.080556 0.172222
3/3_0018.jpg 0 0.604167 0.756944 0.073148 0.158333
3/3_0019.jpg 0 0.563889 0.781944 0.079630 0.186111
3/3_0020.jpg 0 0.523148 0.806250 0.087037 0.215278
3/3_0021.jpg 0 0.469444 0.821528 0.075926 0.176389
3/3_0022.jpg 0 0.414815 0.836806 0.064815 0.137500
3/3_0023.jpg empty
3/3_0024.jpg empty
3/3_0025.jpg empty
3/3_0026.jpg empty
3/3_0027.jpg 0 0.061111 0.899306 0.096296 0.151389
3/3_0028.jpg 0 0.047222 0.902778 0.094444 0.144444
3/3_0029.jpg 0 0.092130 0.781250 0.093519 0.137500
3/3_0030.jpg 0 0.137037 0.659722 0.092593 0.130556
3/3_0031.jpg 0 0.132407 0.611111 0.120370 0.130556
3/3_0032.jpg 0 0.127778 0.562500 0.148148 0.130556
3/3_0033.jpg 1 0.369444 0.975694 0.059259 0.048611
3/3_0033.jpg 0 0.137037 0.490278 0.129630 0.130556
3/3_0034.jpg 1 0.431944 0.934028 0.152778 0.131944
3/3_0034.jpg 0 0.146296 0.417361 0.111111 0.131944
3/3_0035.jpg 1 0.424537 0.896528 0.143519 0.193056
3/3_0036.jpg 1 0.416204 0.767361 0.130556 0.198611
3/3_0037.jpg 1 0.398148 0.640278 0.124074 0.197222
3/3_0038.jpg 1 0.411111 0.395139 0.120370 0.187500
3/3_0039.jpg 1 0.417593 0.172222 0.135185 0.180556
3/3_0040.jpg 1 0.408796 0.266667 0.149074 0.144444
3/3_0041.jpg 1 0.460185 0.268056 0.155556 0.113889
3/3_0042.jpg 1 0.535648 0.277083 0.154630 0.115278
3/3_0043.jpg 1 0.626389 0.262500 0.145370 0.155556
3/3_0044.jpg empty
3/3_0045.jpg 1 0.756944 0.220833 0.134259 0.175000
3/3_0046.jpg empty
3/3_0047.jpg 1 0.932407 0.145139 0.131481 0.187500
3/3_0048.jpg 1 0.896296 0.100000 0.114815 0.200000
3/3_0049.jpg 1 0.880093 0.118750 0.095370 0.223611
3/3_0050.jpg 1 0.868519 0.209722 0.085185 0.233333
3/3_0051.jpg 1 0.856019 0.316667 0.086111 0.233333
3/3_0052.jpg 1 0.881481 0.404861 0.094444 0.237500
3/3_0053.jpg 1 0.907407 0.470833 0.100000 0.244444
3/3_0054.jpg 1 0.909259 0.590972 0.094444 0.248611
3/3_0054.jpg 0 0.557870 0.153472 0.110185 0.159722
3/3_0055.jpg 1 0.906019 0.576389 0.082407 0.252778
3/3_0055.jpg 0 0.557870 0.136111 0.110185 0.194444
3/3_0056.jpg 1 0.913426 0.595833 0.075000 0.258333
3/3_0056.jpg 0 0.564815 0.179167 0.114815 0.169444
3/3_0057.jpg 1 0.931481 0.696528 0.079630 0.262500
3/3_0057.jpg 0 0.571759 0.222222 0.119444 0.144444
3/3_0058.jpg 1 0.955556 0.868056 0.074074 0.263889
3/3_0058.jpg 0 0.574074 0.388889 0.114815 0.144444
3/3_0059.jpg 0 0.611111 0.569444 0.114815 0.172222
3/3_0060.jpg empty
3/3_0061.jpg 0 0.562037 0.597222 0.114815 0.152778
3/3_0062.jpg 0 0.537037 0.611111 0.114815 0.144444
3/3_0063.jpg 0 0.486111 0.636111 0.111111 0.158333
3/3_0064.jpg 0 0.435185 0.662500 0.109259 0.172222
3/3_0065.jpg 0 0.384259 0.687500 0.105556 0.186111
3/3_0066.jpg 0 0.290278 0.703472 0.102778 0.190278
3/3_0067.jpg 0 0.195833 0.720139 0.099074 0.195833
3/3_0068.jpg 0 0.101852 0.736111 0.096296 0.200000
3/3_0069.jpg empty
3/3_0070.jpg 0 0.109259 0.583333 0.111111 0.144444
2/2_0001.jpg 1 0.264844 0.260185 0.110937 0.138889
2/2_0002.jpg 1 0.253646 0.357870 0.110417 0.143519
2/2_0003.jpg 1 0.246875 0.535185 0.112500 0.148148
2/2_0004.jpg 1 0.235677 0.628241 0.114062 0.150926
2/2_0005.jpg 1 0.226562 0.543519 0.113542 0.151852
2/2_0006.jpg 1 0.222135 0.553241 0.114062 0.152778
2/2_0007.jpg 1 0.217448 0.585185 0.114062 0.159259
2/2_0008.jpg 1 0.223698 0.654167 0.111979 0.165741
2/2_0009.jpg 1 0.222135 0.734259 0.110937 0.174074
2/2_0010.jpg 1 0.178906 0.860648 0.117188 0.182407
2/2_0011.jpg 1 0.227604 0.933333 0.093750 0.133333
2/2_0012.jpg 1 0.252865 0.931019 0.110937 0.137963
2/2_0013.jpg 1 0.297917 0.921759 0.115625 0.156481
2/2_0014.jpg 1 0.345313 0.919444 0.115625 0.161111
2/2_0015.jpg 1 0.410417 0.909259 0.113542 0.166667
2/2_0016.jpg 1 0.414583 0.927315 0.114583 0.145370
2/2_0017.jpg 1 0.434896 0.936111 0.106250 0.127778
2/2_0018.jpg 1 0.469271 0.938889 0.084375 0.122222
2/2_0019.jpg 1 0.493229 0.946759 0.059375 0.106481
2/2_0020.jpg 1 0.477865 0.948148 0.055729 0.103704
2/2_0021.jpg 1 0.465365 0.941204 0.056771 0.108333
2/2_0022.jpg 1 0.494010 0.926389 0.053646 0.104630
2/2_0023.jpg 1 0.509635 0.917593 0.048438 0.098148
2/2_0024.jpg 1 0.535417 0.914815 0.054167 0.105556
2/2_0025.jpg 1 0.551042 0.925463 0.058333 0.112037
2/2_0026.jpg 1 0.559115 0.942593 0.059896 0.111111
2/2_0027.jpg 1 0.561979 0.967130 0.059375 0.065741
2/2_0028.jpg empty
2/2_0029.jpg empty
2/2_0030.jpg empty
2/2_0031.jpg empty
2/2_0032.jpg 1 0.843490 0.980093 0.038021 0.039815
2/2_0033.jpg 1 0.813542 0.934722 0.116667 0.130556
2/2_0034.jpg 1 0.801562 0.829630 0.127083 0.092593
2/2_0035.jpg 1 0.802865 0.777315 0.127604 0.086111
2/2_0036.jpg 1 0.792188 0.684259 0.123958 0.127778
2/2_0037.jpg 1 0.789844 0.580556 0.110937 0.166667
2/2_0038.jpg 1 0.786979 0.442130 0.081250 0.197222
2/2_0039.jpg 1 0.799479 0.325000 0.058333 0.205556
2/2_0040.jpg 1 0.820833 0.265278 0.046875 0.200926
2/2_0041.jpg 1 0.831510 0.167130 0.066146 0.189815
2/2_0042.jpg 1 0.836198 0.079167 0.082812 0.158333
2/2_0043.jpg 1 0.802865 0.020833 0.036979 0.041667
2/2_0044.jpg 0 0.901823 0.384259 0.034896 0.116667
2/2_0045.jpg empty
2/2_0046.jpg empty
2/2_0047.jpg 0 0.860677 0.206019 0.075521 0.134259
2/2_0048.jpg 0 0.781250 0.233796 0.119792 0.180556
2/2_0049.jpg 0 0.729167 0.268519 0.075000 0.096296
2/2_0050.jpg 0 0.679688 0.282407 0.080208 0.105556
2/2_0051.jpg 0 0.639323 0.293981 0.080729 0.115741
2/2_0056.jpg 0 0.473958 0.356481 0.093750 0.101852
2/2_0061.jpg 1 0.386719 0.214815 0.122396 0.114815
2/2_0061.jpg 0 0.410156 0.719907 0.091146 0.106481
2/2_0066.jpg 1 0.354167 0.800926 0.130208 0.092593
2/2_0071.jpg 1 0.507812 0.870370 0.041667 0.212963
2/2_0076.jpg empty
2/2_0081.jpg 1 0.668229 0.814352 0.081250 0.217593
2/2_0086.jpg 1 0.713021 0.548148 0.053125 0.211111
2/2_0091.jpg 1 0.685417 0.323611 0.120833 0.082407
2/2_0091.jpg 0 0.854167 0.831019 0.083333 0.125000
2/2_0096.jpg 0 0.808594 0.407407 0.075521 0.111111
2/2_0101.jpg 0 0.489583 0.167593 0.093750 0.094444
2/2_0106.jpg 0 0.462240 0.152778 0.080729 0.083333
2/2_0111.jpg 1 0.468750 0.163426 0.121875 0.084259
2/2_0111.jpg 0 0.518229 0.675926 0.098958 0.074074
2/2_0116.jpg 1 0.434896 0.588889 0.122917 0.088889
2/2_0121.jpg 1 0.480208 0.883333 0.047917 0.187037
2/2_0126.jpg 1 0.661719 0.907870 0.122396 0.110185
2/2_0131.jpg 1 0.695052 0.569907 0.120313 0.112037
2/2_0136.jpg 1 0.652344 0.078241 0.045312 0.156481
2/2_0136.jpg 0 0.747396 0.597222 0.088542 0.101852
2/2_0141.jpg 0 0.747396 0.375000 0.088542 0.157407
2/2_0146.jpg 0 0.598958 0.277778 0.104167 0.111111
2/2_0151.jpg 0 0.486979 0.328704 0.098958 0.064815
2/2_0156.jpg 1 0.423177 0.039815 0.127604 0.079630
2/2_0156.jpg 0 0.471354 0.560185 0.109375 0.083333
2/2_0161.jpg 1 0.383333 0.436574 0.129167 0.113889
2/2_0166.jpg empty
2/2_0171.jpg 1 0.512240 0.933333 0.063021 0.087037
2/2_0176.jpg empty
2/2_0181.jpg 1 0.647656 0.579167 0.107813 0.178704
2/2_0186.jpg 1 0.614844 0.097222 0.063021 0.194444
2/2_0186.jpg 0 0.729167 0.671296 0.104167 0.120370
2/2_0191.jpg 0 0.799479 0.120370 0.067708 0.185185
2/2_0196.jpg empty
2/2_0201.jpg empty
2/2_0206.jpg 0 0.401042 0.185185 0.072917 0.129630
2/2_0211.jpg 1 0.368229 0.095833 0.123958 0.095370
2/2_0211.jpg 0 0.408854 0.601852 0.088542 0.092593
2/2_0216.jpg empty
2/2_0221.jpg empty
2/2_0226.jpg 1 0.745573 0.876389 0.072396 0.228704
2/2_0231.jpg 1 0.697917 0.308796 0.101042 0.154630
2/2_0231.jpg 0 0.770833 0.796296 0.083333 0.111111
2/2_0236.jpg 0 0.838542 0.120370 0.072917 0.185185
2/2_0241.jpg 0 0.630208 0.078704 0.083333 0.138889
2/2_0246.jpg 0 0.567708 0.250000 0.093750 0.129630
2/2_0251.jpg 1 0.470833 0.204630 0.111458 0.148148
2/2_0251.jpg 0 0.510417 0.768519 0.104167 0.129630
2/2_0256.jpg 1 0.412760 0.925926 0.117188 0.129630
2/2_0261.jpg 1 0.661458 0.881481 0.072917 0.218519
2/2_0266.jpg 1 0.633594 0.608333 0.099479 0.159259
2/2_0271.jpg 1 0.669792 0.161574 0.084375 0.158333
2/2_0271.jpg 0 0.734375 0.685185 0.083333 0.148148
2/2_0276.jpg 0 0.669271 0.231481 0.078125 0.129630
2/2_0281.jpg 0 0.640625 0.305556 0.083333 0.111111
2/2_0286.jpg 1 0.540625 0.175000 0.116667 0.079630
2/2_0286.jpg 0 0.578125 0.694444 0.093750 0.129630
2/2_0291.jpg 1 0.439583 0.865741 0.126042 0.114815
2/2_0296.jpg 1 0.610156 0.577778 0.054688 0.209259
3/3_0071.jpg 0 0.147222 0.556944 0.109259 0.141667
3/3_0072.jpg 0 0.143519 0.572917 0.111111 0.145833
3/3_0073.jpg 0 0.176852 0.541667 0.112963 0.144444
3/3_0074.jpg 1 0.430093 0.954167 0.130556 0.091667
3/3_0074.jpg 0 0.143519 0.454861 0.111111 0.145833
3/3_0075.jpg 1 0.431019 0.905556 0.137963 0.188889
3/3_0075.jpg 0 0.147222 0.379861 0.109259 0.134722
3/3_0076.jpg 1 0.420370 0.737500 0.118519 0.205556
3/3_0076.jpg 0 0.145833 0.218750 0.106481 0.173611
3/3_0077.jpg 1 0.414352 0.661806 0.113889 0.209722
3/3_0078.jpg 1 0.407870 0.615278 0.113889 0.202778
3/3_0079.jpg 1 0.407407 0.543056 0.114815 0.197222
3/3_0080.jpg 1 0.402778 0.416667 0.120370 0.183333
3/3_0081.jpg 1 0.363426 0.256250 0.136111 0.168056
3/3_0082.jpg 1 0.402315 0.299306 0.150926 0.115278
3/3_0083.jpg 1 0.465741 0.298611 0.150000 0.102778
3/3_0084.jpg 1 0.563426 0.307639 0.134259 0.156944
3/3_0085.jpg 1 0.652315 0.303472 0.115741 0.190278
3/3_0086.jpg 1 0.718981 0.302083 0.106481 0.198611
3/3_0087.jpg 1 0.793981 0.304167 0.106481 0.200000
3/3_0088.jpg 1 0.828241 0.318056 0.097222 0.208333
3/3_0089.jpg 1 0.891667 0.318056 0.075926 0.222222
3/3_0090.jpg 1 0.905556 0.281944 0.079630 0.227778
3/3_0091.jpg 1 0.918519 0.339583 0.094444 0.226389
3/3_0092.jpg 1 0.915278 0.418750 0.100926 0.226389
3/3_0093.jpg 1 0.894444 0.496528 0.090741 0.231944
3/3_0094.jpg 1 0.879630 0.581250 0.081481 0.240278
3/3_0095.jpg 1 0.881481 0.649306 0.077778 0.243056
3/3_0096.jpg 1 0.879630 0.734028 0.079630 0.245833
3/3_0097.jpg 1 0.882407 0.816667 0.081481 0.250000
3/3_0098.jpg empty
3/3_0099.jpg empty
3/3_0100.jpg empty
3/3_0101.jpg empty
3/3_0102.jpg 0 0.557870 0.576389 0.106481 0.152778
3/3_0103.jpg 0 0.562500 0.729167 0.097222 0.152778
3/3_0104.jpg empty
3/3_0105.jpg 0 0.571759 0.722222 0.115741 0.166667
3/3_0106.jpg 0 0.412037 0.743056 0.083333 0.152778
3/3_0107.jpg empty
3/3_0108.jpg empty
3/3_0109.jpg 0 0.100000 0.763889 0.092593 0.138889
3/3_0110.jpg empty
3/3_0111.jpg 0 0.086111 0.738194 0.120370 0.156944
3/3_0112.jpg empty
3/3_0113.jpg 1 0.424074 0.939583 0.151852 0.120833
3/3_0114.jpg 1 0.419444 0.802778 0.148148 0.138889
3/3_0114.jpg 0 0.147222 0.348611 0.109259 0.113889
3/3_0115.jpg 1 0.429167 0.712500 0.143519 0.138889
3/3_0115.jpg 0 0.150463 0.281250 0.115741 0.131944
3/3_0116.jpg 1 0.437500 0.602083 0.137963 0.143056
3/3_0117.jpg 1 0.431944 0.454167 0.134259 0.150000
3/3_0118.jpg 1 0.388889 0.372222 0.135185 0.152778
3/3_0119.jpg 1 0.483333 0.381944 0.137037 0.138889
3/3_0120.jpg 1 0.572685 0.379861 0.143519 0.118056
3/3_0121.jpg 1 0.604630 0.367361 0.144444 0.098611
3/3_0122.jpg 1 0.660648 0.347917 0.143519 0.106944
3/3_0123.jpg 1 0.807407 0.380556 0.146296 0.127778
3/3_0124.jpg 1 0.786574 0.304861 0.143519 0.137500
3/3_0125.jpg empty
3/3_0126.jpg empty
3/3_0127.jpg 1 0.804167 0.148611 0.115741 0.194444
3/3_0128.jpg empty
3/3_0129.jpg 1 0.849537 0.078472 0.078704 0.156944
3/3_0130.jpg 1 0.878704 0.077778 0.062963 0.130556
3/3_0131.jpg 1 0.891204 0.056944 0.062037 0.113889
3/3_0132.jpg 1 0.881019 0.038194 0.056481 0.076389
2/2_0052.jpg 0 0.559896 0.296296 0.083333 0.092593
2/2_0053.jpg 0 0.414062 0.273148 0.078125 0.101852
2/2_0054.jpg 0 0.458333 0.164352 0.083333 0.106481
2/2_0055.jpg 0 0.520833 0.224537 0.083333 0.106481
2/2_0057.jpg 0 0.442708 0.449074 0.093750 0.101852
2/2_0058.jpg 1 0.427344 0.031944 0.057813 0.063889
2/2_0058.jpg 0 0.442708 0.504630 0.093750 0.101852
2/2_0059.jpg 1 0.393750 0.055093 0.117708 0.110185
2/2_0059.jpg 0 0.427083 0.518519 0.083333 0.111111
2/2_0060.jpg 1 0.390625 0.106019 0.120833 0.117593
2/2_0060.jpg 0 0.427083 0.564815 0.083333 0.129630
2/2_0062.jpg 1 0.384115 0.360185 0.123438 0.116667
2/2_0062.jpg 0 0.417969 0.897222 0.075521 0.075926
2/2_0063.jpg 1 0.377604 0.529630 0.126042 0.118519
2/2_0064.jpg 1 0.371875 0.591204 0.128125 0.119444
2/2_0065.jpg 1 0.361979 0.646759 0.131250 0.112037
2/2_0067.jpg empty
2/2_0068.jpg 1 0.351562 0.968519 0.064583 0.062963
2/2_0069.jpg 1 0.396094 0.921759 0.083854 0.156481
2/2_0070.jpg 1 0.464844 0.894444 0.066146 0.211111
2/2_0072.jpg 1 0.536198 0.900000 0.064062 0.183333
2/2_0073.jpg 1 0.589323 0.923148 0.084896 0.153704
2/2_0074.jpg 1 0.612240 0.937963 0.063021 0.112963
2/2_0075.jpg 1 0.626302 0.977778 0.054688 0.044444
2/2_0077.jpg 1 0.678646 0.961574 0.132292 0.076852
2/2_0078.jpg 1 0.677604 0.930556 0.123958 0.138889
2/2_0079.jpg 1 0.678125 0.894907 0.115625 0.178704
2/2_0080.jpg 1 0.671615 0.862963 0.101562 0.200000
2/2_0082.jpg 1 0.667708 0.784259 0.067708 0.227778
2/2_0083.jpg 1 0.657552 0.760648 0.064062 0.226852
2/2_0084.jpg 1 0.665104 0.675463 0.052083 0.221296
2/2_0085.jpg 1 0.735677 0.639815 0.048438 0.222222
2/2_0087.jpg 1 0.694792 0.437963 0.045833 0.205556
2/2_0088.jpg 1 0.678125 0.505093 0.054167 0.202778
2/2_0089.jpg 1 0.670573 0.433333 0.080729 0.185185
2/2_0090.jpg 1 0.689844 0.396296 0.109896 0.137037
2/2_0092.jpg 1 0.685156 0.225463 0.115104 0.128704
2/2_0092.jpg 0 0.854167 0.759259 0.083333 0.148148
2/2_0093.jpg 1 0.684635 0.170833 0.104688 0.152778
2/2_0093.jpg 0 0.854167 0.712963 0.083333 0.148148
2/2_0094.jpg 1 0.692448 0.079630 0.081771 0.159259
2/2_0094.jpg 0 0.854167 0.611111 0.083333 0.148148
2/2_0095.jpg 1 0.720833 0.031019 0.034375 0.062037
2/2_0095.jpg 0 0.838542 0.537037 0.083333 0.148148
2/2_0097.jpg 0 0.854167 0.203704 0.083333 0.129630
2/2_0098.jpg 0 0.817708 0.189815 0.083333 0.138889
2/2_0099.jpg 0 0.713542 0.254630 0.083333 0.138889
2/2_0100.jpg 0 0.863281 0.217593 0.070312 0.120370
2/2_0102.jpg 0 0.734375 0.219907 0.083333 0.097222
2/2_0103.jpg 0 0.688021 0.211574 0.082292 0.095370
2/2_0104.jpg 0 0.641927 0.203704 0.080729 0.092593
2/2_0105.jpg 0 0.546875 0.208333 0.083333 0.101852
2/2_0107.jpg 0 0.523438 0.212963 0.088542 0.111111
2/2_0108.jpg 0 0.526042 0.425926 0.093750 0.111111
2/2_0109.jpg 1 0.484375 0.038426 0.120833 0.076852
2/2_0109.jpg 0 0.528646 0.516204 0.098958 0.115741
2/2_0110.jpg 1 0.476823 0.105093 0.121354 0.087963
2/2_0110.jpg 0 0.531250 0.606481 0.104167 0.120370
2/2_0112.jpg 1 0.465625 0.207407 0.121875 0.083333
2/2_0112.jpg 0 0.513021 0.699074 0.109375 0.101852
2/2_0113.jpg 1 0.460156 0.254630 0.121354 0.085185
2/2_0113.jpg 0 0.511719 0.791667 0.111979 0.101852
2/2_0114.jpg 1 0.450781 0.400463 0.121354 0.084259
2/2_0114.jpg 0 0.510417 0.884259 0.114583 0.101852
2/2_0115.jpg 1 0.447656 0.501389 0.122396 0.084259
2/2_0117.jpg 1 0.421354 0.731481 0.120833 0.129630
2/2_0118.jpg 1 0.430208 0.839815 0.110417 0.175926
2/2_0119.jpg 1 0.419531 0.932407 0.077604 0.135185
2/2_0120.jpg 1 0.446354 0.905556 0.058333 0.172222
2/2_0122.jpg 1 0.489583 0.895833 0.046875 0.208333
2/2_0123.jpg empty
2/2_0124.jpg empty
2/2_0125.jpg 1 0.619271 0.921759 0.111458 0.156481
2/2_0127.jpg 1 0.733073 0.961111 0.127604 0.077778
2/2_0128.jpg 1 0.714323 0.911111 0.123438 0.101852
2/2_0129.jpg 1 0.717448 0.834722 0.123438 0.099074
2/2_0130.jpg 1 0.703646 0.678704 0.121875 0.083333
2/2_0132.jpg 1 0.691146 0.522685 0.116667 0.128704
2/2_0133.jpg 1 0.682813 0.389352 0.098958 0.165741
2/2_0134.jpg 1 0.669792 0.225926 0.072917 0.190741
2/2_0135.jpg 1 0.664583 0.079630 0.051042 0.159259
2/2_0137.jpg 1 0.653646 0.091204 0.047917 0.182407
2/2_0137.jpg 0 0.786458 0.606481 0.083333 0.120370
2/2_0138.jpg 1 0.635156 0.045370 0.041146 0.090741
2/2_0138.jpg 0 0.750000 0.513889 0.083333 0.120370
2/2_0139.jpg 0 0.744792 0.342593 0.083333 0.129630
2/2_0140.jpg 0 0.770833 0.370370 0.083333 0.185185
2/2_0142.jpg 0 0.760417 0.356481 0.062500 0.157407
2/2_0143.jpg empty
2/2_0144.jpg 0 0.640625 0.296296 0.083333 0.129630
2/2_0145.jpg 0 0.619792 0.287037 0.093750 0.120370
2/2_0147.jpg 0 0.539062 0.296296 0.088542 0.092593
2/2_0148.jpg 0 0.506510 0.270833 0.091146 0.097222
2/2_0149.jpg 0 0.473958 0.245370 0.093750 0.101852
2/2_0150.jpg 0 0.480469 0.287037 0.096354 0.083333
2/2_0152.jpg 0 0.476562 0.333333 0.098958 0.092593
2/2_0153.jpg 0 0.473958 0.407407 0.098958 0.092593
2/2_0154.jpg 0 0.471354 0.481481 0.098958 0.092593
2/2_0155.jpg empty
2/2_0157.jpg 1 0.417969 0.176389 0.125521 0.086111
2/2_0158.jpg 1 0.428646 0.347222 0.126042 0.085185
2/2_0158.jpg 0 0.458333 0.884259 0.104167 0.101852
2/2_0159.jpg 1 0.384635 0.275000 0.128646 0.088889
2/2_0160.jpg 1 0.383073 0.357870 0.129688 0.104630
2/2_0162.jpg 1 0.386458 0.573611 0.128125 0.139815
2/2_0163.jpg 1 0.381510 0.624074 0.124479 0.162963
2/2_0164.jpg 1 0.372656 0.697685 0.109896 0.202778
2/2_0165.jpg 1 0.359896 0.855093 0.094792 0.234259
2/2_0167.jpg 1 0.312500 0.962037 0.056250 0.075926
2/2_0168.jpg 1 0.370312 0.934722 0.052083 0.108333
2/2_0169.jpg 1 0.437500 0.927778 0.056250 0.114815
2/2_0170.jpg 1 0.467448 0.934259 0.058854 0.116667
2/2_0172.jpg empty
2/2_0173.jpg empty
2/2_0174.jpg empty
2/2_0175.jpg empty
2/2_0177.jpg empty
2/2_0178.jpg 1 0.669271 0.870833 0.122917 0.173148
2/2_0179.jpg 1 0.659375 0.759722 0.117708 0.175000
2/2_0180.jpg 1 0.653385 0.706944 0.111979 0.184259
2/2_0182.jpg 1 0.645052 0.415741 0.114062 0.155556
2/2_0183.jpg 1 0.640885 0.277315 0.127604 0.095370
2/2_0184.jpg 1 0.630729 0.275000 0.120833 0.138889
2/2_0185.jpg 1 0.613542 0.191667 0.086458 0.194444
2/2_0185.jpg 0 0.791667 0.772222 0.093750 0.118519
2/2_0187.jpg 1 0.638802 0.048611 0.038021 0.097222
2/2_0187.jpg 0 0.726562 0.587963 0.078125 0.157407
2/2_0188.jpg 1 0.648177 0.020833 0.035937 0.041667
2/2_0188.jpg 0 0.714844 0.412037 0.075521 0.148148
2/2_0189.jpg 0 0.703125 0.236111 0.072917 0.138889
2/2_0190.jpg 0 0.751302 0.178241 0.070312 0.162037
2/2_0192.jpg empty
2/2_0193.jpg empty
2/2_0194.jpg empty
2/2_0195.jpg empty
2/2_0197.jpg empty
2/2_0198.jpg empty
2/2_0199.jpg empty
2/2_0200.jpg empty
2/2_0202.jpg empty
2/2_0203.jpg empty
2/2_0204.jpg empty
2/2_0205.jpg empty
2/2_0207.jpg 0 0.402604 0.268519 0.076042 0.122222
2/2_0208.jpg 0 0.476562 0.361111 0.098958 0.111111
2/2_0209.jpg 0 0.405729 0.435185 0.082292 0.107407
2/2_0210.jpg 1 0.424219 0.010648 0.027604 0.021296
2/2_0210.jpg 0 0.407292 0.518519 0.085417 0.100000
2/2_0212.jpg 1 0.362760 0.246296 0.122396 0.087037
2/2_0213.jpg 1 0.363542 0.368519 0.122917 0.085185
2/2_0214.jpg 1 0.367708 0.523611 0.123958 0.084259
2/2_0215.jpg 1 0.373177 0.706944 0.125521 0.086111
2/2_0217.jpg empty
2/2_0218.jpg empty
2/2_0219.jpg empty
2/2_0220.jpg 1 0.518229 0.974537 0.114583 0.050926
2/2_0222.jpg empty
2/2_0223.jpg 1 0.675260 0.974537 0.038021 0.050926
2/2_0224.jpg 1 0.756510 0.984259 0.035937 0.031481
2/2_0225.jpg 1 0.750521 0.932407 0.054167 0.103704
2/2_0227.jpg 1 0.733333 0.756944 0.060417 0.217593
2/2_0228.jpg 1 0.721875 0.646296 0.056250 0.211111
2/2_0229.jpg 1 0.711979 0.529630 0.060417 0.205556
2/2_0230.jpg 1 0.703385 0.448148 0.078646 0.190741
2/2_0232.jpg 1 0.699479 0.170833 0.113542 0.108333
2/2_0232.jpg 0 0.784375 0.661111 0.081250 0.125926
2/2_0233.jpg 1 0.722396 0.090278 0.117708 0.087963
2/2_0233.jpg 0 0.797917 0.525926 0.079167 0.140741
2/2_0234.jpg 1 0.723958 0.025000 0.116667 0.050000
2/2_0234.jpg 0 0.811458 0.390741 0.077083 0.155556
2/2_0235.jpg 0 0.825000 0.255556 0.075000 0.170370
2/2_0237.jpg 0 0.742188 0.175926 0.067708 0.166667
2/2_0238.jpg 0 0.755208 0.103704 0.077083 0.166667
2/2_0239.jpg 0 0.713542 0.095370 0.079167 0.157407
2/2_0240.jpg 0 0.671875 0.087037 0.081250 0.148148
2/2_0242.jpg 0 0.513021 0.034722 0.067708 0.069444
2/2_0243.jpg empty
2/2_0244.jpg 0 0.592708 0.181481 0.089583 0.133333
2/2_0245.jpg 0 0.580208 0.215741 0.091667 0.131481
2/2_0247.jpg 0 0.551562 0.265741 0.094792 0.116667
2/2_0248.jpg 0 0.567708 0.412037 0.072917 0.101852
2/2_0249.jpg 0 0.544271 0.500000 0.078125 0.111111
2/2_0250.jpg 1 0.488021 0.074537 0.111458 0.149074
2/2_0250.jpg 0 0.528646 0.638889 0.067708 0.129630
101447/101447_0051.jpg empty
101447/101447_0052.jpg empty
101447/101447_0053.jpg empty
101447/101447_0054.jpg empty
101447/101447_0055.jpg empty
101447/101447_0056.jpg empty
101447/101447_0057.jpg empty
101447/101447_0058.jpg empty
101447/101447_0059.jpg empty
101447/101447_0060.jpg empty
101447/101447_0061.jpg empty
101447/101447_0062.jpg empty
101447/101447_0063.jpg empty
101447/101447_0064.jpg empty
101447/101447_0065.jpg 1 0.211574 0.035417 0.078704 0.070833
101447/101447_0066.jpg 1 0.207870 0.027778 0.078704 0.055556
101447/101447_0067.jpg 1 0.208796 0.040972 0.078704 0.081944
101447/101447_0068.jpg 1 0.173611 0.053472 0.137963 0.106944
101447/101447_0069.jpg 1 0.170370 0.067361 0.142593 0.134722
101447/101447_0070.jpg 1 0.166667 0.096528 0.142593 0.143056
101447/101447_0071.jpg 1 0.158796 0.129167 0.141667 0.144444
101447/101447_0072.jpg 1 0.147222 0.147222 0.142593 0.147222
101447/101447_0073.jpg 1 0.171759 0.143056 0.143519 0.147222
101447/101447_0074.jpg 1 0.192593 0.150000 0.142593 0.147222
101447/101447_0075.jpg 1 0.207870 0.161806 0.143519 0.145833
101447/101447_0076.jpg 1 0.224074 0.173611 0.144444 0.144444
101447/101447_0077.jpg 1 0.238889 0.179167 0.144444 0.144444
101447/101447_0078.jpg 1 0.257407 0.178472 0.144444 0.145833
101447/101447_0079.jpg 1 0.270370 0.193056 0.144444 0.147222
101447/101447_0080.jpg 1 0.287500 0.222917 0.145370 0.145833
101447/101447_0081.jpg 1 0.299537 0.250694 0.143519 0.145833
101447/101447_0082.jpg 1 0.325926 0.259722 0.144444 0.144444
101447/101447_0083.jpg 1 0.346759 0.266667 0.143519 0.144444
101447/101447_0084.jpg 1 0.373611 0.277083 0.143519 0.145833
101447/101447_0085.jpg 1 0.395833 0.287500 0.143519 0.147222
101447/101447_0086.jpg 1 0.421296 0.289583 0.140741 0.145833
101447/101447_0087.jpg 1 0.442130 0.288194 0.141667 0.143056
101447/101447_0088.jpg 1 0.471296 0.286806 0.144444 0.143056
101447/101447_0089.jpg 1 0.493981 0.287500 0.143519 0.144444
101447/101447_0090.jpg 1 0.520370 0.286111 0.133333 0.141667
101447/101447_0091.jpg 1 0.546296 0.283333 0.135185 0.141667
101447/101447_0092.jpg 1 0.582407 0.285417 0.144444 0.143056
101447/101447_0093.jpg 1 0.609722 0.288889 0.145370 0.144444
101447/101447_0094.jpg 1 0.646759 0.288889 0.145370 0.144444
101447/101447_0095.jpg 1 0.675463 0.286111 0.145370 0.144444
101447/101447_0096.jpg 1 0.707870 0.279861 0.143519 0.143056
101447/101447_0097.jpg 1 0.740741 0.267361 0.142593 0.140278
101447/101447_0098.jpg 1 0.755093 0.293750 0.141667 0.143056
101447/101447_0099.jpg 1 0.761111 0.325694 0.148148 0.143056
101447/101447_0100.jpg 1 0.778241 0.340972 0.149074 0.145833
2/2_0252.jpg 1 0.458073 0.348611 0.114062 0.143519
2/2_0252.jpg 0 0.489583 0.907407 0.072917 0.092593
2/2_0253.jpg 1 0.444010 0.500000 0.117188 0.135185
2/2_0254.jpg 1 0.440365 0.668981 0.119271 0.134259
2/2_0255.jpg empty
2/2_0257.jpg 1 0.440885 0.917593 0.109896 0.164815
2/2_0258.jpg 1 0.493490 0.858333 0.096354 0.188889
2/2_0259.jpg 1 0.535937 0.840741 0.069792 0.214815
2/2_0260.jpg 1 0.573698 0.826852 0.046354 0.220370
2/2_0262.jpg 1 0.606510 0.781019 0.090104 0.187963
2/2_0263.jpg 1 0.588802 0.624074 0.102604 0.157407
2/2_0264.jpg empty
2/2_0265.jpg 1 0.626823 0.734259 0.110937 0.140741
2/2_0267.jpg 1 0.635938 0.554167 0.087500 0.175000
2/2_0268.jpg 1 0.641927 0.467130 0.051562 0.193519
2/2_0269.jpg 1 0.657552 0.357407 0.058854 0.185185
2/2_0270.jpg 1 0.663021 0.240278 0.078125 0.169444
2/2_0272.jpg 1 0.675521 0.067130 0.087500 0.134259
2/2_0272.jpg 0 0.729167 0.518519 0.072917 0.111111
2/2_0273.jpg 0 0.773438 0.326389 0.072917 0.134259
2/2_0274.jpg 0 0.817708 0.134259 0.072917 0.157407
2/2_0275.jpg 0 0.743490 0.182870 0.075521 0.143519
2/2_0277.jpg 0 0.671875 0.203704 0.072917 0.129630
2/2_0278.jpg empty
2/2_0279.jpg 0 0.575521 0.203704 0.078125 0.111111
2/2_0280.jpg empty
2/2_0282.jpg 0 0.674479 0.361111 0.078125 0.111111
2/2_0283.jpg empty
2/2_0284.jpg 1 0.567448 0.033333 0.119271 0.066667
2/2_0284.jpg 0 0.630208 0.527778 0.083333 0.120370
2/2_0285.jpg 1 0.555990 0.124537 0.118229 0.080556
2/2_0285.jpg 0 0.606771 0.610648 0.083333 0.125000
2/2_0287.jpg 1 0.507552 0.285185 0.117188 0.081481
2/2_0288.jpg 1 0.485156 0.413889 0.118229 0.083333
2/2_0289.jpg 1 0.465625 0.579167 0.120833 0.087963
2/2_0290.jpg 1 0.446094 0.756944 0.123438 0.091667
2/2_0292.jpg 1 0.461719 0.767593 0.118229 0.138889
2/2_0293.jpg 1 0.495052 0.679630 0.101562 0.174074
2/2_0294.jpg 1 0.534375 0.645370 0.083333 0.196296
2/2_0295.jpg 1 0.585417 0.612037 0.062500 0.207407
2/2_0297.jpg 1 0.648958 0.581944 0.046875 0.206481
2/2_0298.jpg 1 0.627604 0.468519 0.052083 0.200000
2/2_0299.jpg 1 0.614062 0.227315 0.062500 0.199074
2/2_0300.jpg 1 0.707031 0.583796 0.048438 0.197222
101447/101447_0101.jpg 1 0.786111 0.369444 0.150000 0.147222
101447/101447_0102.jpg 1 0.780093 0.405556 0.150926 0.147222
101447/101447_0103.jpg 1 0.781944 0.430556 0.152778 0.147222
101447/101447_0104.jpg 1 0.783796 0.468056 0.152778 0.150000
101447/101447_0105.jpg 1 0.781481 0.499306 0.151852 0.151389
101447/101447_0106.jpg 1 0.780556 0.546528 0.153704 0.154167
101447/101447_0107.jpg 1 0.779167 0.589583 0.154630 0.156944
101447/101447_0108.jpg 1 0.781481 0.631944 0.153704 0.163889
101447/101447_0109.jpg 1 0.785648 0.682639 0.154630 0.168056
101447/101447_0110.jpg 1 0.789352 0.728472 0.154630 0.165278
101447/101447_0111.jpg 1 0.789352 0.765972 0.156481 0.145833
101447/101447_0112.jpg 1 0.791204 0.803472 0.156481 0.115278
101447/101447_0113.jpg 1 0.777778 0.837500 0.125926 0.069444
101447/101447_0114.jpg 1 0.782407 0.913194 0.150000 0.115278
101447/101447_0115.jpg 1 0.794907 0.939583 0.145370 0.120833
101447/101447_0116.jpg 1 0.837500 0.956250 0.076852 0.087500
101447/101447_0117.jpg 1 0.849074 0.968750 0.075926 0.062500
101447/101447_0118.jpg empty
101447/101447_0119.jpg empty
101447/101447_0120.jpg empty
101447/101447_0121.jpg empty
101447/101447_0122.jpg empty
101447/101447_0123.jpg empty
101447/101447_0124.jpg empty
101447/101447_0125.jpg empty
101447/101447_0126.jpg empty
101447/101447_0127.jpg empty
101447/101447_0128.jpg empty
101447/101447_0129.jpg empty
101447/101447_0130.jpg empty
101447/101447_0131.jpg empty
101447/101447_0132.jpg empty
101447/101447_0133.jpg empty
101447/101447_0134.jpg empty
101447/101447_0135.jpg empty
101447/101447_0136.jpg empty
101447/101447_0137.jpg empty
101447/101447_0138.jpg empty
101447/101447_0139.jpg empty
101447/101447_0140.jpg empty
101447/101447_0141.jpg empty
101447/101447_0142.jpg empty
101447/101447_0143.jpg empty
101447/101447_0144.jpg empty
101447/101447_0145.jpg 0 0.627778 0.954861 0.055556 0.090278
101447/101447_0146.jpg 0 0.584259 0.939583 0.057407 0.120833
101447/101447_0147.jpg 0 0.586111 0.922222 0.064815 0.155556
101447/101447_0148.jpg 0 0.586111 0.902778 0.064815 0.144444
101447/101447_0149.jpg 0 0.590741 0.888889 0.055556 0.144444
101447/101447_0150.jpg 0 0.584722 0.836806 0.062037 0.165278
101447/101447_0151.jpg 0 0.574074 0.800694 0.077778 0.170833
101447/101447_0152.jpg 0 0.586111 0.752778 0.083333 0.152778
101447/101447_0153.jpg 0 0.592593 0.704167 0.074074 0.152778
101447/101447_0154.jpg 0 0.591667 0.656944 0.090741 0.152778
101447/101447_0155.jpg 0 0.594444 0.609722 0.074074 0.108333
101447/101447_0156.jpg 0 0.594907 0.548611 0.087963 0.144444
101447/101447_0156.jpg 1 0.256944 0.937500 0.056481 0.125000
101447/101447_0157.jpg 0 0.591667 0.486111 0.094444 0.116667
101447/101447_0157.jpg 1 0.251852 0.909028 0.068519 0.181944
101447/101447_0158.jpg 0 0.593519 0.422222 0.090741 0.144444
101447/101447_0158.jpg 1 0.243519 0.870833 0.072222 0.247222
101447/101447_0159.jpg 0 0.583333 0.357639 0.096296 0.095833
101447/101447_0159.jpg 1 0.227315 0.823611 0.084259 0.250000
101447/101447_0160.jpg 0 0.586574 0.295833 0.089815 0.147222
101447/101447_0160.jpg 1 0.223611 0.734722 0.093519 0.241667
101447/101447_0161.jpg 0 0.577315 0.234722 0.126852 0.100000
101447/101447_0161.jpg 1 0.223611 0.648611 0.097222 0.238889
101447/101447_0162.jpg 0 0.589352 0.161111 0.104630 0.147222
101447/101447_0162.jpg 1 0.223148 0.563194 0.109259 0.229167
101447/101447_0163.jpg 0 0.585648 0.087500 0.128704 0.097222
101447/101447_0163.jpg 1 0.220370 0.472917 0.125926 0.218056
101447/101447_0164.jpg 1 0.225000 0.426389 0.144444 0.205556
101447/101447_0165.jpg 1 0.219444 0.415278 0.150000 0.208333
101447/101447_0166.jpg 1 0.209259 0.445139 0.146296 0.218056
101447/101447_0167.jpg 1 0.210648 0.404861 0.143519 0.226389
101447/101447_0168.jpg 1 0.203241 0.291667 0.137963 0.227778
101447/101447_0169.jpg 1 0.200463 0.248611 0.132407 0.238889
101447/101447_0170.jpg 1 0.201852 0.329861 0.124074 0.243056
101447/101447_0171.jpg 1 0.204167 0.279861 0.115741 0.240278
101447/101447_0172.jpg 1 0.205093 0.177083 0.106481 0.245833
101447/101447_0173.jpg 1 0.209722 0.146528 0.097222 0.245833
101447/101447_0174.jpg 1 0.217130 0.113194 0.086111 0.226389
101447/101447_0175.jpg 1 0.219907 0.084028 0.073148 0.168056
101447/101447_0176.jpg empty
101447/101447_0177.jpg empty
101447/101447_0178.jpg empty
101447/101447_0179.jpg empty
101447/101447_0180.jpg empty
101447/101447_0181.jpg empty
101447/101447_0182.jpg empty
101447/101447_0183.jpg empty
101447/101447_0184.jpg empty
101447/101447_0185.jpg empty
101447/101447_0186.jpg empty
101447/101447_0187.jpg empty
101447/101447_0188.jpg empty
101447/101447_0189.jpg empty
101447/101447_0190.jpg empty
101447/101447_0191.jpg empty
101447/101447_0192.jpg empty
101447/101447_0193.jpg empty
101447/101447_0194.jpg empty
101447/101447_0195.jpg empty
101447/101447_0196.jpg empty
101447/101447_0197.jpg empty
101447/101447_0198.jpg empty
101447/101447_0199.jpg empty
101447/101447_0200.jpg empty
101447/101447_0201.jpg empty
101447/101447_0202.jpg empty
101447/101447_0203.jpg empty
101447/101447_0204.jpg empty
101447/101447_0205.jpg empty
101447/101447_0206.jpg empty
101447/101447_0207.jpg empty
101447/101447_0208.jpg 1 0.287963 0.038889 0.133333 0.077778
101447/101447_0209.jpg 1 0.276389 0.044444 0.139815 0.088889
101447/101447_0210.jpg 1 0.300463 0.035417 0.075000 0.070833
101447/101447_0211.jpg 1 0.321296 0.029167 0.074074 0.058333
101447/101447_0212.jpg 1 0.339352 0.039583 0.075000 0.079167
101447/101447_0213.jpg 1 0.321296 0.059028 0.142593 0.118056
101447/101447_0214.jpg 1 0.332407 0.081250 0.142593 0.126389
101447/101447_0215.jpg 1 0.347222 0.095833 0.142593 0.127778
101447/101447_0216.jpg 1 0.361111 0.109028 0.142593 0.126389
101447/101447_0217.jpg 1 0.370833 0.127083 0.143519 0.126389
101447/101447_0218.jpg 1 0.387037 0.136111 0.144444 0.125000
101447/101447_0219.jpg 1 0.405556 0.140278 0.144444 0.125000
101447/101447_0220.jpg 1 0.429167 0.148611 0.145370 0.125000
101447/101447_0221.jpg 1 0.446296 0.166667 0.144444 0.125000
101447/101447_0222.jpg 1 0.460648 0.185417 0.145370 0.123611
101447/101447_0223.jpg 1 0.492593 0.186806 0.142593 0.126389
101447/101447_0224.jpg 1 0.511111 0.193750 0.122222 0.112500
101447/101447_0225.jpg 1 0.541667 0.211111 0.122222 0.113889
101447/101447_0226.jpg 1 0.600463 0.233333 0.145370 0.127778
101447/101447_0227.jpg 1 0.635185 0.239583 0.146296 0.129167
101447/101447_0228.jpg 1 0.675463 0.259028 0.147222 0.126389
101447/101447_0229.jpg 1 0.761574 0.210417 0.141667 0.126389
101447/101447_0230.jpg 1 0.733333 0.263194 0.146296 0.126389
101447/101447_0231.jpg 1 0.727315 0.301389 0.145370 0.127778
101447/101447_0232.jpg 1 0.715741 0.347222 0.150000 0.119444
101447/101447_0233.jpg 1 0.707407 0.386111 0.153704 0.111111
101447/101447_0234.jpg 1 0.698148 0.414583 0.153704 0.098611
101447/101447_0235.jpg 1 0.693056 0.455556 0.156481 0.097222
101447/101447_0236.jpg 1 0.706944 0.502083 0.158333 0.098611
101447/101447_0237.jpg 1 0.707407 0.543056 0.157407 0.100000
101447/101447_0238.jpg 1 0.711574 0.579861 0.156481 0.115278
101447/101447_0239.jpg 1 0.725000 0.606944 0.159259 0.122222
101447/101447_0240.jpg 1 0.736111 0.652778 0.159259 0.100000
101447/101447_0241.jpg 1 0.731019 0.722917 0.156481 0.106944
101447/101447_0242.jpg 1 0.723611 0.809028 0.141667 0.118056
101447/101447_0243.jpg 1 0.715278 0.851389 0.152778 0.125000
101447/101447_0244.jpg 1 0.731481 0.926389 0.151852 0.138889
101447/101447_0245.jpg 1 0.787500 0.975000 0.045370 0.050000
101447/101447_0246.jpg empty
101447/101447_0247.jpg empty
101447/101447_0248.jpg empty
101447/101447_0249.jpg empty
101447/101447_0250.jpg empty
101447/101447_0251.jpg 0 0.937963 0.810417 0.083333 0.106944
101447/101447_0252.jpg 0 0.928241 0.822917 0.091667 0.123611
101447/101447_0253.jpg 0 0.946296 0.822917 0.092593 0.109722
101447/101447_0254.jpg 0 0.884259 0.809028 0.087037 0.123611
101447/101447_0255.jpg 0 0.831019 0.795139 0.082407 0.137500
101447/101447_0256.jpg 0 0.821759 0.781250 0.082407 0.137500
101447/101447_0257.jpg 0 0.780556 0.768056 0.083333 0.125000
101447/101447_0258.jpg 0 0.772222 0.767361 0.085185 0.137500
101447/101447_0259.jpg 0 0.777778 0.767361 0.077778 0.137500
101447/101447_0260.jpg 0 0.731944 0.767361 0.087963 0.137500
101447/101447_0261.jpg 0 0.608796 0.791667 0.082407 0.130556
101447/101447_0262.jpg 0 0.585648 0.750000 0.091667 0.144444
101447/101447_0263.jpg 0 0.553241 0.760417 0.082407 0.151389
101447/101447_0264.jpg 0 0.518519 0.673611 0.096296 0.158333
101447/101447_0265.jpg 0 0.500000 0.635417 0.096296 0.123611
101447/101447_0266.jpg 0 0.511574 0.666667 0.091667 0.144444
101447/101447_0267.jpg 0 0.486111 0.534722 0.096296 0.075000
101447/101447_0267.jpg 1 0.132407 0.932639 0.059259 0.126389
101447/101447_0268.jpg 0 0.487037 0.453472 0.094444 0.079167
101447/101447_0268.jpg 1 0.131019 0.891667 0.069444 0.216667
101447/101447_0269.jpg 0 0.488426 0.375000 0.091667 0.088889
101447/101447_0269.jpg 1 0.134259 0.834722 0.074074 0.241667
101447/101447_0270.jpg 0 0.488426 0.314583 0.097222 0.087500
101447/101447_0270.jpg 1 0.143519 0.759028 0.077778 0.237500
101447/101447_0271.jpg 0 0.488426 0.253472 0.100926 0.081944
101447/101447_0271.jpg 1 0.147222 0.700694 0.081481 0.237500
101447/101447_0272.jpg 0 0.477778 0.175694 0.103704 0.087500
101447/101447_0272.jpg 1 0.153704 0.597917 0.085185 0.231944
101447/101447_0273.jpg 0 0.467593 0.097222 0.105556 0.088889
101447/101447_0273.jpg 1 0.130556 0.502778 0.083333 0.233333
101447/101447_0274.jpg 1 0.152315 0.472917 0.082407 0.234722
101447/101447_0275.jpg 1 0.164815 0.451389 0.088889 0.238889
101447/101447_0276.jpg 1 0.152315 0.461111 0.097222 0.241667
101447/101447_0277.jpg 1 0.152778 0.384722 0.096296 0.241667
101447/101447_0278.jpg 1 0.157870 0.277778 0.091667 0.241667
101447/101447_0279.jpg 1 0.170370 0.191667 0.088889 0.238889
101447/101447_0280.jpg 1 0.171296 0.103472 0.087037 0.206944
101710/101710_0001.jpg empty
101710/101710_0002.jpg empty
101710/101710_0003.jpg empty
101710/101710_0004.jpg empty
101710/101710_0005.jpg empty
101710/101710_0006.jpg empty
101710/101710_0007.jpg empty
101710/101710_0008.jpg empty
101710/101710_0009.jpg empty
101710/101710_0010.jpg empty
101710/101710_0011.jpg empty
101710/101710_0012.jpg empty
101710/101710_0013.jpg empty
101710/101710_0014.jpg empty
101710/101710_0015.jpg empty
101710/101710_0016.jpg empty
101710/101710_0017.jpg empty
101710/101710_0018.jpg empty
101710/101710_0019.jpg empty
101710/101710_0020.jpg empty
101710/101710_0021.jpg 0 0.083333 0.850694 0.096296 0.137500
101710/101710_0022.jpg 0 0.132407 0.763889 0.083333 0.200000
101710/101710_0023.jpg 0 0.132407 0.666667 0.083333 0.186111
101710/101710_0024.jpg 0 0.132407 0.569444 0.083333 0.172222
101710/101710_0025.jpg 0 0.155556 0.529167 0.083333 0.183333
101710/101710_0026.jpg 0 0.178704 0.489583 0.083333 0.193056
101710/101710_0027.jpg 0 0.188889 0.418750 0.081481 0.190278
101710/101710_0028.jpg 0 0.199537 0.347917 0.078704 0.187500
101710/101710_0029.jpg 0 0.200463 0.286806 0.076852 0.170833
101710/101710_0030.jpg 0 0.201852 0.226389 0.074074 0.152778
101710/101710_0031.jpg 0 0.228241 0.184722 0.076852 0.166667
101710/101710_0032.jpg 0 0.255093 0.143056 0.078704 0.180556
101710/101710_0033.jpg 0 0.282407 0.134028 0.074074 0.176389
101710/101710_0034.jpg 0 0.310185 0.125000 0.068519 0.172222
101710/101710_0035.jpg 0 0.323148 0.130556 0.066667 0.183333
101710/101710_0036.jpg 0 0.336111 0.136111 0.064815 0.194444
101710/101710_0037.jpg 0 0.365741 0.132639 0.064815 0.187500
101710/101710_0038.jpg 0 0.395833 0.129167 0.063889 0.180556
101710/101710_0039.jpg 0 0.421296 0.122222 0.059259 0.166667
101710/101710_0040.jpg 0 0.446759 0.115278 0.054630 0.152778
101710/101710_0041.jpg 0 0.459259 0.129167 0.057407 0.166667
101710/101710_0042.jpg 0 0.472222 0.143056 0.059259 0.180556
101710/101710_0043.jpg 0 0.487037 0.159722 0.057407 0.180556
101710/101710_0044.jpg 0 0.502315 0.177083 0.054630 0.179167
101710/101710_0045.jpg 0 0.505556 0.240972 0.057407 0.190278
101710/101710_0046.jpg 0 0.509259 0.305556 0.059259 0.200000
101710/101710_0047.jpg 0 0.506019 0.362500 0.062037 0.211111
101710/101710_0047.jpg 1 0.181944 0.018056 0.043519 0.036111
101710/101710_0048.jpg 0 0.502778 0.420139 0.064815 0.220833
101710/101710_0048.jpg 1 0.160185 0.036111 0.079630 0.072222
101710/101710_0049.jpg 0 0.514815 0.451389 0.066667 0.194444
101710/101710_0049.jpg 1 0.212037 0.072222 0.077778 0.119444
101710/101710_0050.jpg 0 0.525926 0.475694 0.074074 0.187500
101710/101710_0050.jpg 1 0.260648 0.084028 0.121296 0.168056
101710/101710_0051.jpg 0 0.537037 0.501389 0.081481 0.169444
101710/101710_0051.jpg 1 0.262037 0.106944 0.120370 0.200000
101710/101710_0052.jpg 0 0.548611 0.527778 0.087963 0.152778
101710/101710_0052.jpg 1 0.265278 0.131250 0.119444 0.198611
101710/101710_0053.jpg 0 0.560185 0.589583 0.075926 0.176389
101710/101710_0053.jpg 1 0.270370 0.168056 0.118519 0.197222
101710/101710_0054.jpg 0 0.571759 0.652778 0.063889 0.200000
101710/101710_0054.jpg 1 0.279630 0.221528 0.118519 0.193056
101710/101710_0055.jpg 0 0.563426 0.701389 0.071296 0.186111
101710/101710_0055.jpg 1 0.279630 0.261111 0.120370 0.191667
101710/101710_0056.jpg 0 0.555556 0.750000 0.077778 0.172222
101710/101710_0056.jpg 1 0.275926 0.338889 0.120370 0.183333
101710/101710_0057.jpg 0 0.562500 0.822917 0.073148 0.165278
101710/101710_0057.jpg 1 0.275463 0.413889 0.132407 0.177778
101710/101710_0058.jpg 0 0.569444 0.895833 0.068519 0.158333
101710/101710_0058.jpg 1 0.278704 0.489583 0.138889 0.170833
101710/101710_0059.jpg 1 0.281944 0.555556 0.145370 0.158333
101710/101710_0060.jpg 1 0.284722 0.648611 0.150926 0.147222
101710/101710_0061.jpg 1 0.289815 0.736806 0.153704 0.140278
101710/101710_0062.jpg 1 0.273611 0.861111 0.158333 0.130556
101710/101710_0063.jpg 1 0.233796 0.968056 0.165741 0.063889
101710/101710_0064.jpg 1 0.221759 0.965278 0.163889 0.069444
101710/101710_0065.jpg 1 0.210185 0.966667 0.162963 0.066667
101710/101710_0066.jpg 1 0.207870 0.953472 0.163889 0.093056
101710/101710_0067.jpg 1 0.141667 0.984722 0.042593 0.030556
101710/101710_0068.jpg empty
101710/101710_0069.jpg empty
101710/101710_0070.jpg empty
101710/101710_0071.jpg empty
101710/101710_0072.jpg empty
101710/101710_0073.jpg empty
101710/101710_0074.jpg empty
101710/101710_0075.jpg empty
101710/101710_0076.jpg empty
101710/101710_0077.jpg empty
101710/101710_0078.jpg empty
101710/101710_0079.jpg empty
101710/101710_0080.jpg empty
101710/101710_0081.jpg empty
101710/101710_0082.jpg empty
101710/101710_0083.jpg empty
101710/101710_0084.jpg empty
101710/101710_0085.jpg empty
101710/101710_0086.jpg empty
101710/101710_0087.jpg empty
101710/101710_0088.jpg empty
101710/101710_0089.jpg 1 0.281481 0.973611 0.055556 0.052778
101710/101710_0090.jpg 1 0.264815 0.968056 0.055556 0.063889
101710/101710_0091.jpg 1 0.256944 0.970833 0.054630 0.058333
101710/101710_0092.jpg 1 0.270833 0.968750 0.056481 0.062500
101710/101710_0093.jpg 1 0.288889 0.963194 0.055556 0.073611
101710/101710_0094.jpg 1 0.305556 0.953472 0.057407 0.093056
101710/101710_0095.jpg 1 0.308333 0.955556 0.057407 0.088889
101710/101710_0096.jpg 1 0.312963 0.956250 0.057407 0.087500
101710/101710_0097.jpg 1 0.321296 0.957639 0.059259 0.084722
101710/101710_0098.jpg 1 0.315278 0.955556 0.082407 0.088889
101710/101710_0099.jpg 1 0.315278 0.953472 0.082407 0.093056
101710/101710_0100.jpg 1 0.321759 0.960417 0.062037 0.079167
101710/101710_0101.jpg 1 0.325926 0.966667 0.061111 0.066667
101710/101710_0102.jpg 1 0.325926 0.963889 0.061111 0.072222
101710/101710_0103.jpg 1 0.323611 0.959722 0.060185 0.080556
101710/101710_0104.jpg 1 0.318981 0.957639 0.058333 0.084722
101710/101710_0105.jpg 1 0.304167 0.954167 0.058333 0.091667
101710/101710_0106.jpg 1 0.303241 0.956944 0.058333 0.086111
101710/101710_0107.jpg 1 0.302315 0.956250 0.058333 0.087500
101710/101710_0108.jpg 1 0.306944 0.965972 0.058333 0.068056
101710/101710_0109.jpg 1 0.309259 0.966667 0.057407 0.066667
101710/101710_0110.jpg 1 0.295833 0.967361 0.058333 0.065278
101710/101710_0111.jpg 1 0.286111 0.965972 0.059259 0.068056
101710/101710_0112.jpg 1 0.267593 0.947222 0.083333 0.105556
101710/101710_0113.jpg 1 0.267593 0.940972 0.087037 0.118056
101710/101710_0114.jpg 1 0.237037 0.870833 0.168519 0.186111
101710/101710_0115.jpg 1 0.261574 0.704167 0.175000 0.113889
101710/101710_0116.jpg 1 0.326389 0.575694 0.169444 0.129167
101710/101710_0117.jpg 1 0.358796 0.556250 0.163889 0.154167
101710/101710_0118.jpg 1 0.378704 0.561806 0.162963 0.156944
101710/101710_0119.jpg 1 0.393056 0.560417 0.162037 0.159722
101710/101710_0120.jpg 1 0.390741 0.559028 0.162963 0.156944
101710/101710_0121.jpg 1 0.389815 0.565278 0.164815 0.150000
101710/101710_0122.jpg 1 0.395833 0.558333 0.163889 0.152778
101710/101710_0123.jpg 1 0.412037 0.541667 0.161111 0.163889
101710/101710_0124.jpg 1 0.428241 0.525000 0.160185 0.166667
101710/101710_0125.jpg 1 0.441667 0.498611 0.161111 0.161111
101710/101710_0126.jpg 1 0.457870 0.454167 0.158333 0.166667
101710/101710_0127.jpg 1 0.518056 0.425000 0.143519 0.194444
101710/101710_0128.jpg 1 0.601389 0.400000 0.117593 0.225000
101710/101710_0129.jpg 1 0.666204 0.377083 0.110185 0.231944
101710/101710_0130.jpg 1 0.711574 0.374306 0.104630 0.231944
101710/101710_0131.jpg 1 0.751852 0.359028 0.098148 0.231944
101710/101710_0132.jpg 1 0.816667 0.315972 0.088889 0.234722
101710/101710_0133.jpg 1 0.890741 0.289583 0.085185 0.231944
101710/101710_0134.jpg 1 0.941204 0.271528 0.089815 0.231944
101710/101710_0135.jpg empty
101710/101710_0136.jpg 0 0.842593 0.767361 0.077778 0.137500
101710/101710_0137.jpg 0 0.818519 0.666667 0.075926 0.130556
101710/101710_0138.jpg 0 0.794444 0.565972 0.074074 0.123611
101710/101710_0139.jpg 0 0.812037 0.456944 0.075926 0.119444
101710/101710_0140.jpg 0 0.829167 0.347222 0.078704 0.116667
101710/101710_0141.jpg 0 0.829167 0.368750 0.078704 0.109722
101710/101710_0142.jpg 0 0.829167 0.389583 0.078704 0.104167
101710/101710_0143.jpg 0 0.825463 0.359722 0.071296 0.127778
101710/101710_0144.jpg 0 0.821759 0.329861 0.063889 0.151389
101710/101710_0145.jpg 0 0.817130 0.335417 0.065741 0.145833
101710/101710_0146.jpg 0 0.812500 0.342361 0.069444 0.140278
101710/101710_0147.jpg 0 0.808333 0.348611 0.072222 0.136111
101710/101710_0148.jpg 0 0.803704 0.354167 0.074074 0.130556
101710/101710_0149.jpg 0 0.801852 0.365972 0.074074 0.131944
101710/101710_0150.jpg 0 0.800926 0.377778 0.074074 0.136111
101710/101710_0151.jpg 0 0.799074 0.388889 0.074074 0.138889
101710/101710_0152.jpg 0 0.797222 0.400694 0.074074 0.140278
101710/101710_0153.jpg 0 0.796296 0.413194 0.074074 0.143056
101710/101710_0154.jpg 0 0.794444 0.424306 0.074074 0.145833
101710/101710_0155.jpg 0 0.794444 0.416667 0.074074 0.144444
101710/101710_0156.jpg 0 0.794444 0.409028 0.074074 0.143056
101710/101710_0157.jpg 0 0.794444 0.401389 0.074074 0.141667
101710/101710_0158.jpg 0 0.794444 0.393750 0.074074 0.140278
101710/101710_0159.jpg 0 0.794444 0.386111 0.074074 0.138889
101710/101710_0160.jpg 0 0.794444 0.378472 0.074074 0.137500
101710/101710_0161.jpg 0 0.794444 0.364583 0.074074 0.137500
101710/101710_0162.jpg 0 0.794444 0.350694 0.074074 0.137500
101710/101710_0163.jpg 0 0.794444 0.336806 0.074074 0.137500
101710/101710_0164.jpg 0 0.794444 0.322917 0.074074 0.137500
101710/101710_0165.jpg 0 0.740741 0.300000 0.077778 0.155556
101710/101710_0166.jpg 0 0.686574 0.277778 0.080556 0.172222
101710/101710_0167.jpg 0 0.662500 0.281250 0.078704 0.165278
101710/101710_0168.jpg 0 0.638889 0.284722 0.077778 0.158333
101710/101710_0169.jpg 0 0.610185 0.300694 0.075926 0.148611
101710/101710_0170.jpg 0 0.581481 0.316667 0.074074 0.138889
101710/101710_0171.jpg 0 0.509259 0.304167 0.077778 0.155556
101710/101710_0172.jpg 0 0.437037 0.291667 0.081481 0.172222
101710/101710_0173.jpg 0 0.405093 0.297222 0.082407 0.169444
101710/101710_0174.jpg 0 0.373148 0.302778 0.083333 0.166667
101710/101710_0175.jpg 0 0.330093 0.315972 0.080556 0.159722
101710/101710_0176.jpg 0 0.287037 0.329861 0.077778 0.151389
101710/101710_0177.jpg 0 0.248611 0.325000 0.076852 0.150000
101710/101710_0178.jpg 0 0.209722 0.321528 0.075000 0.148611
101710/101710_0179.jpg 0 0.170370 0.318056 0.074074 0.147222
101710/101710_0180.jpg 0 0.131944 0.313194 0.073148 0.145833
101710/101710_0181.jpg empty
101710/101710_0182.jpg empty
101710/101710_0183.jpg empty
101710/101710_0184.jpg empty
101710/101710_0185.jpg empty
101710/101710_0186.jpg empty
101710/101710_0187.jpg empty
101710/101710_0188.jpg empty
101710/101710_0189.jpg 1 0.233796 0.028472 0.052778 0.056944
101710/101710_0190.jpg 1 0.183333 0.054167 0.131481 0.108333
101710/101710_0191.jpg 1 0.178241 0.098611 0.132407 0.161111
101710/101710_0192.jpg 1 0.168981 0.240972 0.134259 0.159722
101710/101710_0193.jpg 1 0.159722 0.327778 0.136111 0.163889
101710/101710_0194.jpg 1 0.142130 0.402778 0.137963 0.166667
101710/101710_0195.jpg 1 0.127315 0.481944 0.137963 0.169444
101710/101710_0196.jpg 1 0.123148 0.613889 0.140741 0.172222
101710/101710_0197.jpg 1 0.117593 0.708333 0.140741 0.177778
101710/101710_0198.jpg 1 0.112500 0.654167 0.141667 0.175000
101710/101710_0199.jpg 1 0.111111 0.690972 0.142593 0.176389
101710/101710_0200.jpg 1 0.109722 0.784722 0.141667 0.183333
101710/101710_0201.jpg 1 0.111111 0.870139 0.140741 0.190278
101710/101710_0202.jpg 1 0.118981 0.815972 0.137963 0.190278
101710/101710_0203.jpg 1 0.122222 0.836806 0.138889 0.190278
101710/101710_0204.jpg 1 0.097222 0.906250 0.140741 0.187500
101710/101710_0205.jpg 1 0.116667 0.910417 0.137037 0.179167
101710/101710_0206.jpg 1 0.161574 0.912500 0.134259 0.175000
101710/101710_0207.jpg 1 0.213889 0.914583 0.135185 0.170833
101710/101710_0208.jpg 1 0.285185 0.916667 0.131481 0.166667
101710/101710_0209.jpg 1 0.304167 0.920139 0.126852 0.159722
101710/101710_0210.jpg 1 0.344907 0.918056 0.100926 0.163889
101710/101710_0211.jpg 1 0.389815 0.918750 0.100000 0.162500
101710/101710_0212.jpg 1 0.436574 0.918750 0.130556 0.162500
101710/101710_0213.jpg 1 0.472685 0.925694 0.149074 0.148611
101710/101710_0214.jpg 1 0.531944 0.945833 0.165741 0.108333
101710/101710_0215.jpg 1 0.580093 0.963889 0.167593 0.072222
101710/101710_0216.jpg 1 0.660648 0.970833 0.139815 0.058333
101710/101710_0217.jpg 1 0.728241 0.977083 0.058333 0.045833
101710/101710_0218.jpg 1 0.781481 0.975000 0.053704 0.050000
101710/101710_0219.jpg 1 0.808333 0.953472 0.057407 0.090278
101710/101710_0220.jpg 1 0.868056 0.904167 0.065741 0.127778
101710/101710_0221.jpg 1 0.892593 0.884028 0.075926 0.231944
101710/101710_0222.jpg 1 0.900926 0.768750 0.085185 0.254167
101710/101710_0223.jpg 1 0.926389 0.663889 0.091667 0.244444
101741/101741_0001.jpg empty
101741/101741_0002.jpg empty
101741/101741_0003.jpg empty
101741/101741_0004.jpg empty
101741/101741_0005.jpg empty
101741/101741_0006.jpg empty
101741/101741_0007.jpg empty
101741/101741_0008.jpg empty
101741/101741_0009.jpg empty
101741/101741_0010.jpg empty
101741/101741_0011.jpg empty
101741/101741_0012.jpg 1 0.673611 0.028472 0.052778 0.056944
101741/101741_0013.jpg 1 0.687963 0.066667 0.092593 0.133333
101741/101741_0014.jpg 1 0.690741 0.132639 0.103704 0.193056
101741/101741_0015.jpg 1 0.686111 0.223611 0.105556 0.194444
101741/101741_0016.jpg 1 0.676389 0.318056 0.104630 0.194444
101741/101741_0017.jpg 1 0.669444 0.389583 0.103704 0.193056
101741/101741_0018.jpg 1 0.664815 0.494444 0.103704 0.194444
101741/101741_0018.jpg 0 0.393981 0.129167 0.060185 0.180556
101741/101741_0019.jpg 1 0.664815 0.577083 0.103704 0.195833
101741/101741_0019.jpg 0 0.394444 0.210417 0.055556 0.173611
101741/101741_0020.jpg 1 0.663889 0.667361 0.103704 0.198611
101741/101741_0020.jpg 0 0.395833 0.291667 0.050926 0.166667
101741/101741_0021.jpg 1 0.665741 0.755556 0.101852 0.205556
101741/101741_0021.jpg 0 0.396759 0.368056 0.054630 0.183333
101741/101741_0022.jpg 1 0.671296 0.838889 0.094444 0.213889
101741/101741_0022.jpg 0 0.398148 0.444444 0.059259 0.200000
101741/101741_0023.jpg 0 0.402778 0.525694 0.057407 0.173611
101741/101741_0024.jpg 0 0.407407 0.607639 0.055556 0.145833
101741/101741_0025.jpg 0 0.398148 0.675000 0.062963 0.166667
101741/101741_0026.jpg 0 0.389352 0.743056 0.069444 0.186111
101741/101741_0027.jpg 0 0.368519 0.819444 0.066667 0.169444
101741/101741_0028.jpg 0 0.347222 0.895833 0.064815 0.152778
101741/101741_0029.jpg empty
101741/101741_0030.jpg empty
101741/101741_0031.jpg empty
101741/101741_0032.jpg empty
101741/101741_0033.jpg empty
101741/101741_0034.jpg empty
101741/101741_0035.jpg empty
101741/101741_0036.jpg empty
101741/101741_0037.jpg empty
101741/101741_0038.jpg empty
101741/101741_0039.jpg empty
101741/101741_0040.jpg empty
101741/101741_0041.jpg empty
101741/101741_0042.jpg empty
101741/101741_0043.jpg empty
101741/101741_0044.jpg 0 0.057870 0.739583 0.060185 0.118056
101741/101741_0045.jpg 0 0.065741 0.690278 0.068519 0.125000
101741/101741_0046.jpg 0 0.074074 0.639583 0.077778 0.131944
101741/101741_0047.jpg 0 0.085648 0.572222 0.080556 0.138889
101741/101741_0048.jpg 1 0.335648 0.982639 0.058333 0.034722
101741/101741_0048.jpg 0 0.097222 0.503472 0.083333 0.145833
101741/101741_0049.jpg 1 0.381944 0.927778 0.132407 0.144444
101741/101741_0049.jpg 0 0.109259 0.435417 0.085185 0.151389
101741/101741_0050.jpg 1 0.382407 0.886806 0.120370 0.209722
101741/101741_0050.jpg 0 0.120833 0.368056 0.087963 0.158333
101741/101741_0051.jpg 1 0.377778 0.785417 0.107407 0.212500
101741/101741_0051.jpg 0 0.123148 0.293056 0.087037 0.147222
101741/101741_0052.jpg 1 0.370370 0.686111 0.096296 0.213889
101741/101741_0052.jpg 0 0.125463 0.218750 0.087963 0.137500
101741/101741_0053.jpg 1 0.366204 0.561806 0.082407 0.215278
101741/101741_0053.jpg 0 0.127778 0.144444 0.088889 0.127778
101741/101741_0054.jpg 1 0.360185 0.468750 0.072222 0.215278
101741/101741_0054.jpg 0 0.130093 0.069444 0.087963 0.116667
101741/101741_0055.jpg 1 0.366204 0.425694 0.071296 0.212500
101741/101741_0056.jpg 1 0.378704 0.368750 0.085185 0.206944
101741/101741_0057.jpg 1 0.386574 0.333333 0.112037 0.183333
101741/101741_0058.jpg 1 0.377315 0.268056 0.136111 0.150000
101741/101741_0059.jpg 1 0.395833 0.235417 0.147222 0.112500
101741/101741_0060.jpg 1 0.425463 0.189583 0.149074 0.095833
101741/101741_0061.jpg 1 0.435648 0.134028 0.150926 0.101389
101741/101741_0062.jpg 1 0.457407 0.113194 0.148148 0.126389
101741/101741_0063.jpg 1 0.484259 0.077083 0.138889 0.151389
101741/101741_0064.jpg 1 0.487037 0.065278 0.125926 0.130556
101741/101741_0065.jpg 1 0.492130 0.051389 0.058333 0.102778
101741/101741_0066.jpg 1 0.536111 0.040278 0.053704 0.080556
101741/101741_0067.jpg 1 0.579630 0.018750 0.046296 0.037500
101741/101741_0068.jpg empty
101741/101741_0069.jpg empty
101741/101741_0070.jpg empty
101741/101741_0071.jpg empty
101741/101741_0072.jpg empty
101741/101741_0073.jpg empty
101741/101741_0074.jpg empty
101741/101741_0075.jpg empty
101741/101741_0076.jpg empty
101741/101741_0077.jpg empty
